-0.0146382
-0.013453
0.046065
6.54722
74.8421
-8.56519
0.0444977
-0.0693415
-0.0450435
35.6655
-96.7126
55.5376
-0.134803
0.0167263
0.147574
-144.539
46.872
-80.1244
0.0160727
0.120047
-0.211492
115.971
-65.7675
13.7609
0.07674
-0.264868
0.0341567
-55.9481
55.6013
-72.6607
0.0059779
0.0653901
0.121272
102.637
-68.9972
82.3043
-0.0947326
0.12575
-0.0486383
-78.0452
59.2877
35.2698
-0.0767539
0.188349
0.0030916
42.123
-31.817
-49.5185
0.1627
-0.15823
0.106741
-49.8314
-16.1251
70.7505
0.219946
0.106827
-0.140088
93.942
-15.3273
-90.9823
-0.205006
-0.117196
-0.0136395
-68.5225
58.1435
44.2279
